ID	Description	GeneRatio	BgRatio	pvalue	p.adjust	qvalue	geneID	Count
GO:0001637	G-protein coupled chemoattractant receptor activity	4/123	26/17354	3.18387749413939e-05	0.00522772514582838	0.00470070114386287	CX3CR1/XCR1/CCR8/CCR4	4
GO:0004950	chemokine receptor activity	4/123	26/17354	3.18387749413939e-05	0.00522772514582838	0.00470070114386287	CX3CR1/XCR1/CCR8/CCR4	4
GO:0004896	cytokine receptor activity	6/123	91/17354	4.57235435495194e-05	0.00522772514582838	0.00470070114386287	CX3CR1/IL17REL/XCR1/CCR8/CCR4/IL6R	6
