ID	Description	GeneRatio	BgRatio	pvalue	p.adjust	qvalue	geneID	Count
GO:0004930	G-protein coupled receptor activity	64/1495	310/14289	6.87696254744246e-08	6.4299599818587e-05	5.92142669874519e-05	PTGDR/GIPR/GRPR/P2RY1/GRM8/FZD4/TSKU/P2RY12/ACKR3/GPR22/SPHK1/F2RL3/CHRM2/ADRA1B/TBXA2R/HRH2/GPR153/GPR160/DRD4/CXCR1/BDKRB2/HTR1B/S1PR5/ADRA2C/PTGDR2/SSTR5/LPAR2/PTH2R/GRM1/TAS2R10/GPR156/GPR173/GPR75/ADGRB1/PTGER3/CYSLTR1/GPR1/GNRHR/TACR1/LPAR3/TAS1R3/HTR7/SORCS1/QRFPR/SCTR/GRM6/HTR2B/BDKRB1/OXER1/PTAFR/HTR1D/RRH/FFAR4/GPR27/GPBAR1/SORCS3/CX3CR1/GPR63/ADGRD1/HTR2A/DRD1/CCRL2/SSTR1/ADGRG3	64
GO:0005201	extracellular matrix structural constituent	20/1495	67/14289	1.00509232943339e-05	0.00469880664010109	0.00432718697619217	EMILIN2/COL8A2/ACAN/MFAP5/COL4A2/NCAN/ANOS1/EFEMP2/LAMA4/COL14A1/COL3A1/MGP/ELN/COL1A2/COL5A3/LAMA1/MUC4/FBLN1/COL2A1/MATN3	20
GO:0030594	neurotransmitter receptor activity	16/1495	50/14289	2.94708968422716e-05	0.00918509618250799	0.00845866442700989	GRIN2D/CHRM2/GRIA1/DRD4/HTR1B/GRM1/GRIN2A/HTR7/HTR2B/GRIA3/GABRB3/GRIK4/HTR1D/CHRNA5/HTR2A/DRD1	16
GO:0030414	peptidase inhibitor activity	27/1495	117/14289	5.80653502882559e-05	0.0135727756298798	0.012499330667314	SERPIND1/GPC3/A2ML1/PI16/SPINK5/TIMP1/SLPI/CSTA/ANOS1/PTTG1/DPEP1/PI3/SNCA/PAPLN/ITIH5/SERPINB9/CST5/SPINT1/PTTG3P/CRB2/SPINK6/TIMP4/BIRC5/SPOCK1/APP/WFDC2/COL7A1	27
