ID	Description	GeneRatio	BgRatio	pvalue	p.adjust	qvalue	geneID	Count
GO:0001637	G-protein coupled chemoattractant receptor activity	4/123	26/14234	6.85117673137632e-05	0.0116127445596829	0.0103488827468684	CX3CR1/XCR1/CCR8/CCR4	4
GO:0004950	chemokine receptor activity	4/123	26/14234	6.85117673137632e-05	0.0116127445596829	0.0103488827468684	CX3CR1/XCR1/CCR8/CCR4	4
GO:0004896	cytokine receptor activity	6/123	87/14234	0.000105082641693069	0.0118743385113168	0.0105820063740038	CX3CR1/IL17REL/XCR1/CCR8/CCR4/IL6R	6
