ID	Description	GeneRatio	BgRatio	pvalue	p.adjust	qvalue	geneID	Count
GO:0001637	G-protein coupled chemoattractant receptor activity	4/105	26/17354	1.70735188947106e-05	0.00270615274481163	0.0024621811458688	CX3CR1/XCR1/CCR8/CCR4	4
GO:0004950	chemokine receptor activity	4/105	26/17354	1.70735188947106e-05	0.00270615274481163	0.0024621811458688	CX3CR1/XCR1/CCR8/CCR4	4
GO:0004896	cytokine receptor activity	5/105	91/17354	0.000226781911006285	0.0239632885963308	0.0218028924967446	CX3CR1/IL17REL/XCR1/CCR8/CCR4	5
