ID	Description	GeneRatio	BgRatio	pvalue	p.adjust	qvalue	geneID	Count
GO:0070098	chemokine-mediated signaling pathway	6/108	81/17381	1.11278189924202e-05	0.0188332981921722	0.0175146857474779	CX3CR1/XCR1/CCR8/ACKR1/CCR4/PADI2	6
GO:0098742	cell-cell adhesion via plasma-membrane adhesion molecules	9/108	239/17381	1.81350969592414e-05	0.0188332981921722	0.0175146857474779	PCDHGA9/CDH2/TENM3/CD84/TENM4/PCDHGA12/TENM1/PCDHAC2/SDK1	9
GO:0007156	homophilic cell adhesion via plasma membrane adhesion molecules	7/108	157/17381	5.57675375654956e-05	0.0386097251745115	0.035906467169363	PCDHGA9/CDH2/TENM3/CD84/PCDHGA12/PCDHAC2/SDK1	7
