ID	Description	GeneRatio	BgRatio	pvalue	p.adjust	qvalue	geneID	Count
GO:0001637	G-protein coupled chemoattractant receptor activity	4/105	26/14234	3.68870831394156e-05	0.00582815913602767	0.0052224344023699	CX3CR1/XCR1/CCR8/CCR4	4
GO:0004950	chemokine receptor activity	4/105	26/14234	3.68870831394156e-05	0.00582815913602767	0.0052224344023699	CX3CR1/XCR1/CCR8/CCR4	4
GO:0004896	cytokine receptor activity	5/105	87/14234	0.000454005817352346	0.0478219460944471	0.0428517771465898	CX3CR1/IL17REL/XCR1/CCR8/CCR4	5
