ID	Description	GeneRatio	BgRatio	pvalue	p.adjust	qvalue	geneID	Count
GO:0098742	cell-cell adhesion via plasma-membrane adhesion molecules	9/108	196/14139	1.88592699593335e-05	0.0275746350392565	0.0259165061382325	PCDHGA9/CDH2/TENM3/CD84/TENM4/PCDHGA12/TENM1/PCDHAC2/SDK1	9
GO:0070098	chemokine-mediated signaling pathway	6/108	77/14139	2.63745911422826e-05	0.0275746350392565	0.0259165061382325	CX3CR1/XCR1/CCR8/ACKR1/CCR4/PADI2	6
GO:0007156	homophilic cell adhesion via plasma membrane adhesion molecules	7/108	130/14139	6.09648597222147e-05	0.0424925072263837	0.0399373309127631	PCDHGA9/CDH2/TENM3/CD84/PCDHGA12/PCDHAC2/SDK1	7
