IDs	Description	GeneRatio	BgRatio	pvalue	p.adjust	qvalue	geneID	Count
GO:0098742	cell-cell adhesion via plasma-membrane adhesion molecules	9/108	199/14264	1.98644908918108e-05	0.0267340900805752	0.0251274407273855	PCDHGA9/CDH2/TENM3/CD84/TENM4/PCDHGA12/TENM1/PCDHAC2/SDK1	9
GO:0070098	chemokine-mediated signaling pathway	6/108	77/14264	2.511422271543e-05	0.0267340900805752	0.0251274407273855	CX3CR1/XCR1/CCR8/ACKR1/CCR4/PADI2	6
GO:0007156	homophilic cell adhesion via plasma membrane adhesion molecules	7/108	131/14264	6.0591319007571e-05	0.0429996393890395	0.0404154727836465	PCDHGA9/CDH2/TENM3/CD84/PCDHGA12/PCDHAC2/SDK1	7
